0.350582052031
0.350582052031
0.350582052031
0.350582052031
0.350582052031
0.350582052031
0.350582052031
0.350582052031
0.350582052031
0.350582052031
0.350582052031
0.350582052031
0.350582052031
0.350582052031
0.350582052031
0.350582052031
0.350582052031
0.350582052031
0.350582052031
0.350582052031
0.350582052031
0.350582052031
0.350582052031
0.350582052031
0.350582052031
0.350582052031
0.350582052031
0.350582052031
0.350582052031
0.350582052031
0.350582052031
0.350582052031
0.350582052031
0.350582052031
0.350582052031
0.350582052031
0.350582052031
0.350582052031
0.350582052031
0.350582052031
0.350582052031
0.350582052031
0.350582052031
0.350582052031
0.350582052031
0.350582052031
0.350582052031
0.350582052031
0.350582052031
0.350582052031
0.350582052031
0.350582052031
0.350582052031
0.350582052031
1
1
1
1
1
1
1
1
1
1
1
1
1
1
1
1
1
1
1
1
1
1
1
1
1
1
1
1
1
1
0.354978881932
0.354978881932
0.354978881932
0.354978881932
0.354978881932
0.354978881932
0.354978881932
0.354978881932
0.354978881932
0.354978881932
0.354978881932
0.354978881932
0.354978881932
0.354978881932
0.354978881932
0.354978881932
0.354978881932
0.354978881932
0.354978881932
0.354978881932
0.354978881932
0.354978881932
0.354978881932
0.354978881932
0.354978881932
0.354978881932
0.354978881932
0.354978881932
0.354978881932
0.354978881932
0.354978881932
0.354978881932
0.354978881932
0.354978881932
1
1
1
1
1
1
1
1
1
1
1
1
0.65572610004
0.65572610004
0.65572610004
0.65572610004
0.65572610004
0.65572610004
0.65572610004
0.65572610004
0.65572610004
0.65572610004
0.65572610004
0.65572610004
0.65572610004
0.65572610004
0.65572610004
0.65572610004
0.65572610004
0.65572610004
0.65572610004
0.65572610004
0.65572610004
0.65572610004
0.65572610004
0.65572610004
0.65572610004
0.65572610004
0.65572610004
0.65572610004
0.65572610004
0.65572610004
0.65572610004
0.65572610004
0.65572610004
0.65572610004
0.65572610004
0.65572610004
0.65572610004
0.65572610004
0.65572610004
0.65572610004
0.65572610004
0.65572610004
0.65572610004
0.65572610004
0.65572610004
0.65572610004
0.65572610004
0.65572610004
0.65572610004
0.65572610004
0.65572610004
0.65572610004
0.65572610004
0.65572610004
0.65572610004
0.65572610004
0.65572610004
0.65572610004
0.65572610004
0.65572610004
0.65572610004
0.65572610004
0.65572610004
0.65572610004
0.65572610004
0.65572610004
0.65572610004
0.65572610004
0.65572610004
0.65572610004
0.65572610004
0.65572610004
0.65572610004
0.65572610004
0.65572610004
0.65572610004
0.65572610004
0.65572610004
0.65572610004
0.65572610004
0.65572610004
0.65572610004
0.65572610004
0.65572610004
0.65572610004
0.65572610004
0.659421177634
0.659421177634
0.659421177634
0.659421177634
0.659421177634
0.659421177634
0.659421177634
0.659421177634
0.659421177634
0.659421177634
0.659421177634
0.659421177634
0.659421177634
0.659421177634
0.659421177634
0.659421177634
0.659421177634
0.659421177634
0.659421177634
0.659421177634
0.659421177634
0.659421177634
0.659421177634
0.659421177634
0.659421177634
0.659421177634
0.659421177634
0.659421177634
0.659421177634
0.659421177634
0.659421177634
0.659421177634
0.659421177634
0.659421177634
0.659421177634
0.659421177634
0.659421177634
0.659421177634
0.659421177634
0.659421177634
0.659421177634
0.659421177634
0.659421177634
0.659421177634
0.659421177634
0.659421177634
0.659421177634
0.659421177634
0.659421177634
0.659421177634
0.659421177634
0.659421177634
0.659421177634
0.659421177634
0.659421177634
0.659421177634
0.659421177634
0.659421177634
0.659421177634
0.659421177634
0.659421177634
0.659421177634
0.659421177634
0.659421177634
0.659421177634
0.659421177634
0.659421177634
0.194794302169
0.194794302169
0.194794302169
0.194794302169
0.194794302169
0.194794302169
0.194794302169
0.194794302169
0.194794302169
0.194794302169
0.194794302169
0.194794302169
0.194794302169
0.194794302169
0.194794302169
0.194794302169
0.194794302169
0.194794302169
0.194794302169
0.194794302169
0.194794302169
0.194794302169
0.194794302169
0.194794302169
0.194794302169
0.172501585929
0.172501585929
0.172501585929
0.172501585929
0.172501585929
0.172501585929
0.172501585929
0.172501585929
0.172501585929
0.172501585929
0.172501585929
0.172501585929
0.172501585929
0.172501585929
0.172501585929
0.172501585929
0.172501585929
0.172501585929
0.172501585929
0.172501585929
0.172501585929
0.172501585929
0.172501585929
0.172501585929
0.172501585929
0.172501585929
0.172501585929
0.172501585929
0.172501585929
0.172501585929
0.172501585929
0.172501585929
0.172501585929
0.172501585929
0.172501585929
0.172501585929
0.626017453496
0.626017453496
0.626017453496
0.626017453496
0.626017453496
0.626017453496
0.626017453496
0.626017453496
0.626017453496
0.626017453496
0.626017453496
0.626017453496
0.626017453496
0.626017453496
0.626017453496
0.626017453496
0.626017453496
0.626017453496
0.626017453496
0.626017453496
0.626017453496
0.626017453496
0.626017453496
0.626017453496
0.626017453496
0.626017453496
0.626017453496
0.626017453496
0.626017453496
0.626017453496
0.626017453496
0.626017453496
0.626017453496
0.626017453496
0.626017453496
0.626017453496
0.626017453496
0.626017453496
0.626017453496
0.626017453496
0.626017453496
0.626017453496
0.626017453496
0.626017453496
0.626017453496
0.626017453496
0.626017453496
0.626017453496
0.626017453496
0.626017453496
0.626017453496
0.626017453496
0.626017453496
0.626017453496
0.626017453496
0.626017453496
0.626017453496
0.626017453496
0.626017453496
0.626017453496
0.626017453496
0.626017453496
0.626017453496
0.626017453496
0.626017453496
0.626017453496
0.626017453496
0.626017453496
0.626017453496
0.626017453496
0.626017453496
0.626017453496
0.626017453496
0.501333315263
0.501333315263
0.501333315263
0.501333315263
0.501333315263
0.501333315263
0.501333315263
0.501333315263
0.501333315263
0.501333315263
0.501333315263
0.501333315263
0.501333315263
0.501333315263
0.501333315263
0.501333315263
0.501333315263
0.501333315263
0.501333315263
0.501333315263
0.501333315263
0.501333315263
0.501333315263
0.501333315263
0.501333315263
0.501333315263
0.501333315263
0.501333315263
0.501333315263
0.501333315263
0.501333315263
0.501333315263
0.501333315263
0.501333315263
0.501333315263
0.501333315263
0.501333315263
0.501333315263
0.501333315263
0.501333315263
0.501333315263
0.501333315263
0.501333315263
0.501333315263
0.501333315263
0.501333315263
0.501333315263
0.501333315263
0.501333315263
0.501333315263
0.501333315263
0.501333315263
0.501333315263
0.501333315263
0.501333315263
0.501333315263
0.501333315263
0.501333315263
0.208199565961
0.208199565961
0.208199565961
0.208199565961
0.208199565961
0.208199565961
0.208199565961
0.208199565961
0.208199565961
0.208199565961
0.208199565961
0.208199565961
0.208199565961
0.208199565961
0.208199565961
0.208199565961
0.208199565961
0.208199565961
0.208199565961
0.208199565961
0.208199565961
0.208199565961
0.208199565961
0.208199565961
0.208199565961
0.208199565961
0.208199565961
0.208199565961
0.350779927738
0.350779927738
0.350779927738
0.350779927738
0.350779927738
0.350779927738
0.350779927738
0.350779927738
0.350779927738
0.350779927738
0.350779927738
0.350779927738
0.350779927738
0.350779927738
0.350779927738
0.350779927738
0.350779927738
0.350779927738
0.350779927738
0.350779927738
0.350779927738
0.350779927738
0.350779927738
0.350779927738
0.350779927738
0.350779927738
0.350779927738
0.350779927738
0.350779927738
0.350779927738
0.350779927738
0.068729274367
0.068729274367
0.068729274367
0.068729274367
0.068729274367
0.068729274367
0.068729274367
0.068729274367
0.068729274367
0.068729274367
0.068729274367
0.068729274367
0.068729274367
0.068729274367
0.068729274367
0.068729274367
0.068729274367
0.068729274367
0.068729274367
0.068729274367
0.068729274367
0.068729274367
0.068729274367
0.068729274367
0.068729274367
0.068729274367
0.068729274367
0.068729274367
0.068729274367
0.068729274367
0.068729274367
0.068729274367
0.068729274367
0.068729274367
0.068729274367
0.068729274367
0.068729274367
