60.1891392444 94.1795228711 127.910212203 150.589563523 197.729603328 216.662897473 
40.1625760909 74.1817681859 143.075697211 126.297442073 276.861211477 147.756233304 
36.1295193645 87.1064194341 69.2309407948 162.474115566 129.236254641 77.6209408569 
14.6509303073 36.8438727933 45.922501136 61.8968533108 56.3053753143 202.323349602 
60.2712764953 88.865096922 167.839239862 114.605323671 211.695842756 142.327484855 
63.8948839474 95.8043324045 158.137921258 137.451582737 104.544428644 46.9581756826 
46.1879231889 92.1739278259 108.72294865 137.009707111 108.007517187 297.924359496 
25.9482739211 64.3040496272 93.2139292854 106.925275936 150.365770835 24.1313037416 
28.5205430004 12.8770731013 22.6594120228 47.4543068089 83.5675029869 264.214228617 
12.3868243914 25.7084149107 17.5765627185 12.9947987336 36.7772151899 44.4444444444 
7.53260572307 10.6516310914 11.4202276998 9.753651443 15.1783264746 44.0731187885 
18.0082985811 32.6369891238 82.2051776468 40.5080549249 63.7241019215 56.7815533981 
12.9778606446 109.469336671 5.84427231961 164.362573099 52.2761506276 0.0 
24.0225540785 4551.43589744 0.917301414581 172.287145242 0.0 0.0 
143.074634289 208.450033954 292.752408593 293.625872509 394.238395716 383.889743483 
50.9940032735 114.864053378 10.2057803468 4.91581045852 123.333333333 18.2790697674 
12.6460535025 15.7501374096 48.0271053347 22.1911073108 51.5654061878 18.7815668203 
66.2010660599 132.762082738 169.119197084 293.709503993 211.026932312 281.566343816 
25.7424150995 47.3848721852 56.2024140645 82.4494347264 76.4326930208 50.5275316811 
