18.4963858816
18.4963858816
18.4963858816
18.4963858816
18.4963858816
18.4963858816
18.4963858816
18.4963858816
18.4963858816
18.4963858816
18.4963858816
18.4963858816
18.4963858816
18.4963858816
18.4963858816
18.4963858816
18.4963858816
18.4963858816
18.4963858816
18.4963858816
32.2051410229
32.2051410229
32.2051410229
32.2051410229
32.2051410229
32.2051410229
32.2051410229
32.2051410229
32.2051410229
32.2051410229
32.2051410229
32.2051410229
32.2051410229
32.2051410229
32.2051410229
32.2051410229
32.2051410229
32.2051410229
32.2051410229
67.4754177093
67.4754177093
67.4754177093
67.4754177093
67.4754177093
67.4754177093
67.4754177093
67.4754177093
67.4754177093
67.4754177093
67.4754177093
67.4754177093
67.4754177093
20.2002703519
20.2002703519
20.2002703519
20.2002703519
20.2002703519
20.2002703519
20.2002703519
20.2002703519
20.2002703519
20.2002703519
20.2002703519
20.2002703519
20.2002703519
20.2002703519
20.2002703519
20.2002703519
20.2002703519
20.2002703519
20.2002703519
20.2002703519
20.2002703519
20.2002703519
20.2002703519
20.2002703519
20.2002703519
20.2002703519
20.2002703519
20.2002703519
20.2002703519
18.7468952133
18.7468952133
18.7468952133
18.7468952133
18.7468952133
18.7468952133
18.7468952133
18.7468952133
18.7468952133
18.7468952133
18.7468952133
18.7468952133
18.7468952133
18.7468952133
18.7468952133
18.7468952133
18.7468952133
18.7468952133
18.7468952133
18.7468952133
18.7468952133
18.7468952133
18.7468952133
18.7468952133
25.8410681888
25.8410681888
25.8410681888
25.8410681888
25.8410681888
25.8410681888
25.8410681888
25.8410681888
25.8410681888
25.8410681888
25.8410681888
25.8410681888
25.8410681888
25.8410681888
25.8410681888
25.8410681888
25.8410681888
12.7837082354
12.7837082354
12.7837082354
12.7837082354
12.7837082354
12.7837082354
12.7837082354
12.7837082354
12.7837082354
12.7837082354
12.7837082354
12.7837082354
12.7837082354
12.7837082354
12.7837082354
12.7837082354
12.7837082354
12.7837082354
12.7837082354
12.7837082354
12.7837082354
12.7837082354
12.7837082354
12.7837082354
12.7837082354
12.7837082354
12.7837082354
12.7837082354
12.7837082354
12.7837082354
12.7837082354
12.7837082354
12.7837082354
12.7837082354
12.7837082354
12.7837082354
12.7837082354
12.7837082354
3.79836340602
3.79836340602
3.79836340602
3.79836340602
3.79836340602
3.79836340602
3.79836340602
3.79836340602
3.79836340602
3.79836340602
3.79836340602
3.79836340602
3.79836340602
3.79836340602
3.79836340602
3.79836340602
3.79836340602
3.79836340602
3.79836340602
3.79836340602
3.79836340602
3.79836340602
3.79836340602
3.79836340602
3.79836340602
3.79836340602
3.79836340602
3.79836340602
3.79836340602
3.79836340602
3.79836340602
3.79836340602
3.79836340602
3.79836340602
3.79836340602
3.79836340602
3.79836340602
3.79836340602
3.79836340602
3.79836340602
3.79836340602
3.79836340602
3.79836340602
3.79836340602
3.79836340602
3.79836340602
3.79836340602
3.79836340602
3.79836340602
3.79836340602
3.79836340602
3.79836340602
3.79836340602
3.79836340602
0.138606582857
0.138606582857
0.138606582857
0.138606582857
0.138606582857
0.138606582857
0.138606582857
0.138606582857
0.138606582857
0.138606582857
0.138606582857
0.138606582857
0.138606582857
0.138606582857
0.138606582857
0.138606582857
0.138606582857
32.1540288381
32.1540288381
32.1540288381
32.1540288381
32.1540288381
32.1540288381
32.1540288381
32.1540288381
32.1540288381
32.1540288381
32.1540288381
32.1540288381
32.1540288381
32.1540288381
32.1540288381
32.1540288381
32.1540288381
32.1540288381
32.1540288381
32.1540288381
32.1540288381
32.1540288381
32.1540288381
32.1540288381
32.1540288381
32.1540288381
32.1540288381
32.1540288381
32.1540288381
32.1540288381
32.1540288381
32.1540288381
32.1540288381
32.1540288381
32.1540288381
32.1540288381
32.1540288381
32.1540288381
32.1540288381
32.1540288381
32.1540288381
32.1540288381
32.1540288381
32.1540288381
32.1540288381
32.1540288381
32.1540288381
32.1540288381
32.1540288381
32.1540288381
32.1540288381
32.1540288381
32.1540288381
32.1540288381
32.1540288381
32.1540288381
32.1540288381
32.1540288381
32.1540288381
32.1540288381
32.1540288381
32.1540288381
32.1540288381
32.1540288381
32.1540288381
32.1540288381
32.1540288381
32.1540288381
32.1540288381
32.1540288381
32.1540288381
32.1540288381
32.1540288381
32.1540288381
32.1540288381
32.1540288381
32.1540288381
32.1540288381
32.1540288381
32.1540288381
32.1540288381
32.1540288381
32.1540288381
32.1540288381
32.1540288381
32.1540288381
32.1540288381
32.1540288381
32.1540288381
32.1540288381
32.1540288381
32.1540288381
32.1540288381
32.1540288381
32.1540288381
32.1540288381
32.1540288381
32.1540288381
32.1540288381
32.1540288381
32.1540288381
32.1540288381
32.1540288381
32.1540288381
32.1540288381
32.1540288381
32.1540288381
32.1540288381
32.1540288381
32.1540288381
32.1540288381
32.1540288381
32.1540288381
32.1540288381
32.1540288381
14.8286600246
14.8286600246
14.8286600246
14.8286600246
14.8286600246
14.8286600246
14.8286600246
14.8286600246
14.8286600246
14.8286600246
14.8286600246
14.8286600246
14.8286600246
14.8286600246
14.8286600246
7.27050739713
7.27050739713
7.27050739713
7.27050739713
7.27050739713
7.27050739713
7.27050739713
7.27050739713
7.27050739713
7.27050739713
7.27050739713
7.27050739713
7.27050739713
32.1194804006
32.1194804006
32.1194804006
32.1194804006
32.1194804006
32.1194804006
32.1194804006
32.1194804006
32.1194804006
32.1194804006
32.1194804006
32.1194804006
32.1194804006
9.50650222848
9.50650222848
9.50650222848
9.50650222848
9.50650222848
9.50650222848
9.50650222848
9.50650222848
9.50650222848
9.50650222848
9.50650222848
9.50650222848
9.50650222848
9.50650222848
9.50650222848
9.50650222848
9.50650222848
9.50650222848
9.50650222848
9.50650222848
9.50650222848
9.50650222848
9.50650222848
9.50650222848
9.50650222848
9.50650222848
9.50650222848
9.50650222848
9.50650222848
9.50650222848
9.50650222848
9.50650222848
9.50650222848
9.50650222848
27.9859452767
27.9859452767
27.9859452767
27.9859452767
27.9859452767
27.9859452767
27.9859452767
27.9859452767
27.9859452767
27.9859452767
27.9859452767
27.9859452767
27.9859452767
27.9859452767
27.9859452767
27.9859452767
27.9859452767
27.9859452767
27.9859452767
27.9859452767
27.9859452767
27.9859452767
27.9859452767
27.9859452767
27.9859452767
27.9859452767
27.9859452767
27.9859452767
4.69228499062
4.69228499062
4.69228499062
4.69228499062
4.69228499062
4.69228499062
4.69228499062
4.69228499062
4.69228499062
4.69228499062
4.69228499062
4.69228499062
4.69228499062
4.69228499062
4.69228499062
4.69228499062
4.69228499062
4.69228499062
4.69228499062
4.69228499062
4.69228499062
4.69228499062
4.69228499062
4.69228499062
4.69228499062
4.69228499062
4.69228499062
4.69228499062
4.69228499062
4.69228499062
4.69228499062
4.69228499062
4.69228499062
4.69228499062
4.69228499062
4.69228499062
4.69228499062
4.69228499062
4.69228499062
4.69228499062
4.69228499062
4.69228499062
4.69228499062
4.69228499062
4.69228499062
4.69228499062
4.69228499062
4.69228499062
4.69228499062
4.69228499062
4.69228499062
4.69228499062
4.69228499062
4.69228499062
4.69228499062
4.69228499062
4.69228499062
4.69228499062
4.69228499062
4.69228499062
4.69228499062
4.69228499062
4.69228499062
4.69228499062
4.69228499062
4.69228499062
4.69228499062
4.69228499062
4.69228499062
4.69228499062
4.69228499062
4.69228499062
4.69228499062
4.69228499062
4.69228499062
4.69228499062
4.69228499062
4.69228499062
4.69228499062
4.69228499062
27.7719967255
27.7719967255
27.7719967255
27.7719967255
27.7719967255
27.7719967255
27.7719967255
27.7719967255
27.7719967255
27.7719967255
27.7719967255
27.7719967255
27.7719967255
27.7719967255
27.7719967255
27.7719967255
27.7719967255
27.7719967255
27.7719967255
27.7719967255
27.7719967255
27.7719967255
27.7719967255
27.7719967255
27.7719967255
27.7719967255
27.7719967255
27.7719967255
27.7719967255
27.7719967255
27.7719967255
27.7719967255
27.7719967255
27.7719967255
27.7719967255
27.7719967255
27.7719967255
27.7719967255
27.7719967255
17.8001338232
17.8001338232
17.8001338232
17.8001338232
17.8001338232
17.8001338232
17.8001338232
17.8001338232
17.8001338232
17.8001338232
17.8001338232
17.8001338232
0.572162638534
0.572162638534
0.572162638534
0.572162638534
0.572162638534
0.572162638534
0.572162638534
0.572162638534
0.572162638534
0.572162638534
0.572162638534
0.572162638534
0.572162638534
0.572162638534
0.572162638534
0.572162638534
0.572162638534
0.572162638534
0.572162638534
0.572162638534
0.572162638534
0.572162638534
0.572162638534
0.572162638534
0.572162638534
0.572162638534
0.572162638534
0.572162638534
0.572162638534
0.572162638534
0.572162638534
0.572162638534
0.572162638534
0.572162638534
0.572162638534
0.572162638534
0.572162638534
0.572162638534
0.572162638534
0.572162638534
0.572162638534
0.572162638534
0.572162638534
0.572162638534
0.572162638534
0.572162638534
0.572162638534
0.572162638534
0.572162638534
0.572162638534
0.572162638534
0.572162638534
0.572162638534
0.572162638534
0.572162638534
0.572162638534
0.572162638534
0.572162638534
0.572162638534
0.572162638534
0.572162638534
0.572162638534
0.572162638534
0.572162638534
0.572162638534
0.572162638534
0.572162638534
0.572162638534
0.572162638534
0.572162638534
0.572162638534
0.572162638534
0.572162638534
0.572162638534
0.572162638534
0.572162638534
0.572162638534
0.572162638534
0.572162638534
0.572162638534
0.572162638534
0.572162638534
0.572162638534
0.572162638534
0.572162638534
0.572162638534
80.822502558
80.822502558
80.822502558
80.822502558
80.822502558
80.822502558
80.822502558
80.822502558
16.0368335754
16.0368335754
16.0368335754
16.0368335754
16.0368335754
16.0368335754
16.0368335754
16.0368335754
16.0368335754
16.0368335754
16.0368335754
16.0368335754
16.0368335754
16.0368335754
16.0368335754
16.0368335754
16.0368335754
16.0368335754
16.0368335754
16.0368335754
16.0368335754
16.0368335754
16.0368335754
16.0368335754
16.0368335754
16.0368335754
16.0368335754
16.0368335754
16.0368335754
16.0368335754
16.0368335754
16.0368335754
16.0368335754
16.0368335754
16.0368335754
16.0368335754
16.0368335754
16.0368335754
16.0368335754
16.0368335754
16.0368335754
16.0368335754
16.0368335754
16.0368335754
16.0368335754
16.0368335754
16.0368335754
16.0368335754
16.0368335754
16.0368335754
16.0368335754
16.0368335754
16.0368335754
16.0368335754
16.0368335754
16.0368335754
16.0368335754
16.0368335754
16.0368335754
16.0368335754
16.0368335754
16.0368335754
16.0368335754
16.0368335754
16.0368335754
16.0368335754
16.0368335754
4.10217809782
4.10217809782
4.10217809782
4.10217809782
4.10217809782
4.10217809782
4.10217809782
4.10217809782
4.10217809782
4.10217809782
4.10217809782
4.10217809782
4.10217809782
4.10217809782
4.10217809782
4.10217809782
4.10217809782
4.10217809782
4.10217809782
4.10217809782
4.10217809782
4.10217809782
4.10217809782
4.10217809782
4.10217809782
4.10217809782
4.10217809782
24.0150057673
24.0150057673
24.0150057673
24.0150057673
24.0150057673
24.0150057673
24.0150057673
24.0150057673
24.0150057673
24.0150057673
24.0150057673
24.0150057673
27.6076438397
27.6076438397
27.6076438397
27.6076438397
27.6076438397
27.6076438397
27.6076438397
27.6076438397
27.6076438397
27.6076438397
11.2859517604
11.2859517604
11.2859517604
11.2859517604
11.2859517604
11.2859517604
11.2859517604
11.2859517604
11.2859517604
11.2859517604
11.2859517604
11.2859517604
11.2859517604
11.2859517604
11.2859517604
11.2859517604
11.2859517604
11.2859517604
11.2859517604
11.2859517604
11.2859517604
11.2859517604
11.2859517604
11.2859517604
11.2859517604
11.2859517604
11.2859517604
11.2859517604
11.2859517604
11.2859517604
11.2859517604
11.2859517604
11.2859517604
11.2859517604
11.2859517604
11.2859517604
11.2859517604
11.2859517604
11.2859517604
11.2859517604
11.2859517604
11.2859517604
11.2859517604
11.2859517604
11.2859517604
11.2859517604
11.2859517604
11.2859517604
11.2859517604
11.2859517604
11.2859517604
11.2859517604
11.2859517604
11.2859517604
11.2859517604
11.2859517604
11.2859517604
11.2859517604
11.2859517604
11.2859517604
11.2859517604
11.2859517604
11.2859517604
11.2859517604
11.2859517604
11.2859517604
11.2859517604
11.2859517604
11.2859517604
11.2859517604
11.2859517604
11.2859517604
11.2859517604
11.2859517604
11.2859517604
11.2859517604
11.2859517604
11.2859517604
11.2859517604
11.2859517604
11.2859517604
11.2859517604
11.2859517604
11.2859517604
11.2859517604
11.2859517604
212.133295052
212.133295052
212.133295052
212.133295052
212.133295052
212.133295052
212.133295052
212.133295052
212.133295052
212.133295052
212.133295052
212.133295052
212.133295052
212.133295052
212.133295052
212.133295052
212.133295052
212.133295052
212.133295052
212.133295052
212.133295052
212.133295052
212.133295052
212.133295052
212.133295052
212.133295052
212.133295052
212.133295052
212.133295052
212.133295052
212.133295052
212.133295052
212.133295052
6.41035942232
6.41035942232
6.41035942232
6.41035942232
6.41035942232
6.41035942232
6.41035942232
6.41035942232
6.41035942232
6.41035942232
6.41035942232
6.41035942232
6.41035942232
6.41035942232
6.41035942232
6.41035942232
6.41035942232
6.41035942232
6.41035942232
6.41035942232
6.41035942232
6.41035942232
6.41035942232
6.41035942232
6.41035942232
9.90794360788
9.90794360788
9.90794360788
9.90794360788
9.90794360788
9.90794360788
9.90794360788
9.90794360788
9.90794360788
9.90794360788
9.90794360788
9.90794360788
9.90794360788
9.90794360788
9.90794360788
9.90794360788
9.90794360788
9.90794360788
9.90794360788
9.90794360788
9.90794360788
9.90794360788
9.90794360788
9.90794360788
9.90794360788
9.90794360788
9.90794360788
9.90794360788
9.90794360788
9.90794360788
9.90794360788
9.90794360788
9.90794360788
9.90794360788
9.90794360788
9.90794360788
9.90794360788
9.90794360788
9.90794360788
9.90794360788
9.90794360788
9.90794360788
9.90794360788
9.90794360788
9.90794360788
9.90794360788
9.90794360788
9.90794360788
9.90794360788
9.90794360788
9.90794360788
9.90794360788
9.90794360788
9.90794360788
9.90794360788
9.90794360788
9.90794360788
9.90794360788
9.90794360788
9.90794360788
9.90794360788
9.90794360788
9.90794360788
9.90794360788
9.90794360788
9.90794360788
1.89086017312
1.89086017312
1.89086017312
1.89086017312
1.89086017312
1.89086017312
1.89086017312
1.89086017312
1.89086017312
1.89086017312
1.89086017312
1.89086017312
1.89086017312
1.89086017312
1.89086017312
1.89086017312
1.89086017312
1.89086017312
1.89086017312
1.89086017312
1.89086017312
1.89086017312
1.89086017312
1.89086017312
1.89086017312
1.89086017312
1.89086017312
1.89086017312
5.20776624819
5.20776624819
5.20776624819
5.20776624819
5.20776624819
5.20776624819
5.20776624819
5.20776624819
5.20776624819
5.20776624819
5.20776624819
5.20776624819
5.20776624819
39.0893545619
39.0893545619
39.0893545619
39.0893545619
39.0893545619
39.0893545619
39.0893545619
39.0893545619
39.0893545619
39.0893545619
39.0893545619
0.207135842776
0.207135842776
0.207135842776
0.207135842776
0.207135842776
0.207135842776
0.207135842776
0.207135842776
0.207135842776
0.207135842776
0.207135842776
0.207135842776
0.207135842776
0.207135842776
0.207135842776
0.207135842776
0.207135842776
0.207135842776
0.207135842776
0.207135842776
0.207135842776
0.207135842776
0.207135842776
0.207135842776
0.207135842776
0.207135842776
0.207135842776
0.207135842776
0.207135842776
0.207135842776
0.207135842776
0.207135842776
0.207135842776
0.207135842776
0.207135842776
0.207135842776
0.207135842776
0.207135842776
0.207135842776
0.207135842776
0.207135842776
0.207135842776
0.207135842776
0.207135842776
0.207135842776
0.207135842776
0.207135842776
0.207135842776
0.207135842776
0.207135842776
0.207135842776
0.207135842776
0.207135842776
0.207135842776
0.207135842776
0.207135842776
0.207135842776
0.207135842776
0.207135842776
29.7771774941
29.7771774941
29.7771774941
29.7771774941
29.7771774941
29.7771774941
29.7771774941
29.7771774941
29.7771774941
29.7771774941
29.7771774941
29.7771774941
29.7771774941
29.7771774941
29.7771774941
29.7771774941
29.7771774941
29.7771774941
29.7771774941
29.7771774941
29.7771774941
29.7771774941
29.7771774941
15.5192028542
15.5192028542
15.5192028542
15.5192028542
15.5192028542
15.5192028542
15.5192028542
15.5192028542
15.5192028542
15.5192028542
15.5192028542
15.5192028542
15.5192028542
15.5192028542
15.5192028542
15.5192028542
15.5192028542
26.5774461489
26.5774461489
26.5774461489
26.5774461489
26.5774461489
26.5774461489
26.5774461489
26.5774461489
10.5583941356
10.5583941356
10.5583941356
10.5583941356
10.5583941356
10.5583941356
10.5583941356
10.5583941356
10.5583941356
10.5583941356
10.5583941356
10.5583941356
10.5583941356
10.5583941356
10.5583941356
10.5583941356
10.5583941356
10.5583941356
10.5583941356
10.5583941356
10.5583941356
10.5583941356
10.5583941356
10.5583941356
10.5583941356
10.5583941356
10.5583941356
10.5583941356
10.5583941356
10.5583941356
10.5583941356
10.5583941356
10.5583941356
10.5583941356
10.5583941356
10.5583941356
10.5583941356
10.5583941356
10.5583941356
10.5583941356
10.5583941356
10.5583941356
10.5583941356
10.5583941356
10.5583941356
10.5583941356
10.5583941356
10.5583941356
10.5583941356
10.5583941356
10.5583941356
10.5583941356
10.5583941356
10.5583941356
10.5583941356
10.5583941356
10.5583941356
10.5583941356
10.5583941356
10.5583941356
10.5583941356
10.5583941356
10.5583941356
10.5583941356
10.5583941356
10.5583941356
10.5583941356
10.5583941356
10.5583941356
10.5583941356
10.5583941356
10.5583941356
10.5583941356
10.5583941356
10.5583941356
10.5583941356
10.5583941356
10.5583941356
10.5583941356
10.5583941356
10.5583941356
10.5583941356
10.5583941356
10.5583941356
10.5583941356
10.5583941356
10.5583941356
10.5583941356
10.5583941356
10.5583941356
10.5583941356
10.5583941356
10.5583941356
10.5583941356
10.5583941356
10.5583941356
10.5583941356
10.5583941356
10.5583941356
10.5583941356
10.5583941356
10.5583941356
10.5583941356
10.5583941356
10.5583941356
10.5583941356
10.5583941356
10.5583941356
10.5583941356
10.5583941356
10.5583941356
10.5583941356
10.5583941356
10.5583941356
10.5583941356
10.5583941356
10.5583941356
10.5583941356
10.5583941356
10.5583941356
10.5583941356
10.5583941356
10.5583941356
10.5583941356
10.5583941356
10.5583941356
10.5583941356
10.5583941356
10.5583941356
10.5583941356
18.3922186347
18.3922186347
18.3922186347
18.3922186347
18.3922186347
18.3922186347
18.3922186347
18.3922186347
18.3922186347
18.3922186347
18.3922186347
18.3922186347
18.3922186347
18.3922186347
18.3922186347
18.3922186347
18.3922186347
18.3922186347
18.3922186347
18.3922186347
18.3922186347
18.3922186347
18.3922186347
18.3922186347
18.3922186347
18.3922186347
18.3922186347
18.3922186347
18.3922186347
18.3922186347
18.3922186347
18.3922186347
18.3922186347
18.3922186347
18.3922186347
18.3922186347
18.3922186347
18.3922186347
18.3922186347
18.3922186347
18.3922186347
18.3922186347
18.3922186347
18.3922186347
18.3922186347
18.3922186347
18.3922186347
18.3922186347
18.3922186347
18.3922186347
18.3922186347
18.3922186347
18.3922186347
18.3922186347
18.3922186347
18.3922186347
18.3922186347
18.3922186347
18.3922186347
18.3922186347
18.3922186347
18.3922186347
16.2216915429
16.2216915429
16.2216915429
16.2216915429
16.2216915429
16.2216915429
16.2216915429
16.2216915429
16.2216915429
16.2216915429
14.384651829
14.384651829
14.384651829
14.384651829
14.384651829
14.384651829
14.384651829
14.384651829
14.384651829
14.384651829
14.384651829
14.384651829
14.384651829
14.384651829
14.384651829
14.384651829
14.384651829
14.384651829
14.384651829
14.384651829
14.384651829
14.384651829
14.384651829
14.384651829
14.384651829
14.384651829
14.384651829
14.384651829
3.78566257257
3.78566257257
3.78566257257
3.78566257257
3.78566257257
3.78566257257
3.78566257257
3.78566257257
3.78566257257
3.78566257257
3.78566257257
3.78566257257
3.78566257257
3.78566257257
3.78566257257
3.78566257257
3.78566257257
3.78566257257
3.78566257257
3.78566257257
3.78566257257
3.78566257257
3.78566257257
3.78566257257
3.78566257257
3.78566257257
3.78566257257
3.78566257257
3.78566257257
3.78566257257
3.78566257257
3.78566257257
3.78566257257
3.78566257257
3.78566257257
3.78566257257
50.0797286048
50.0797286048
50.0797286048
50.0797286048
50.0797286048
50.0797286048
50.0797286048
50.0797286048
50.0797286048
50.0797286048
5.37256485379
5.37256485379
5.37256485379
5.37256485379
5.37256485379
5.37256485379
5.37256485379
5.37256485379
5.37256485379
5.37256485379
5.37256485379
5.37256485379
5.37256485379
5.37256485379
5.37256485379
5.37256485379
5.37256485379
5.37256485379
5.37256485379
5.37256485379
5.37256485379
5.37256485379
5.37256485379
5.37256485379
5.37256485379
5.37256485379
5.37256485379
5.37256485379
5.37256485379
5.37256485379
5.37256485379
5.37256485379
5.37256485379
5.37256485379
5.37256485379
5.37256485379
5.37256485379
1.49895416981
1.49895416981
1.49895416981
1.49895416981
1.49895416981
1.49895416981
1.49895416981
1.49895416981
1.49895416981
1.49895416981
2.73624475401
2.73624475401
2.73624475401
2.73624475401
2.73624475401
2.73624475401
2.73624475401
2.73624475401
2.73624475401
2.73624475401
2.73624475401
2.73624475401
2.73624475401
2.73624475401
2.73624475401
2.73624475401
2.73624475401
2.73624475401
2.73624475401
2.73624475401
2.73624475401
2.73624475401
2.73624475401
2.73624475401
2.73624475401
2.73624475401
2.73624475401
2.73624475401
2.73624475401
2.73624475401
2.73624475401
2.73624475401
2.73624475401
2.73624475401
2.73624475401
2.73624475401
2.73624475401
2.73624475401
2.73624475401
2.73624475401
2.73624475401
2.73624475401
2.73624475401
2.73624475401
2.73624475401
2.73624475401
2.73624475401
2.73624475401
2.73624475401
2.73624475401
2.73624475401
2.73624475401
2.73624475401
2.73624475401
2.73624475401
2.73624475401
2.73624475401
2.73624475401
2.73624475401
2.73624475401
2.73624475401
2.73624475401
2.73624475401
2.73624475401
2.73624475401
2.73624475401
2.73624475401
2.73624475401
2.73624475401
2.73624475401
2.73624475401
2.73624475401
2.73624475401
19.3039207931
19.3039207931
19.3039207931
19.3039207931
19.3039207931
19.3039207931
19.3039207931
19.3039207931
19.3039207931
19.3039207931
19.3039207931
19.3039207931
19.3039207931
19.3039207931
19.3039207931
19.3039207931
19.3039207931
19.3039207931
19.3039207931
19.3039207931
19.3039207931
19.3039207931
19.3039207931
19.3039207931
5.26285769241
5.26285769241
5.26285769241
5.26285769241
5.26285769241
5.26285769241
5.26285769241
5.26285769241
5.26285769241
5.26285769241
5.26285769241
5.26285769241
5.26285769241
5.26285769241
5.26285769241
5.26285769241
5.26285769241
5.26285769241
5.26285769241
5.26285769241
5.26285769241
5.26285769241
5.26285769241
5.26285769241
5.26285769241
5.26285769241
5.26285769241
5.26285769241
5.26285769241
5.26285769241
5.26285769241
5.26285769241
5.26285769241
5.26285769241
5.26285769241
5.26285769241
5.26285769241
5.26285769241
5.26285769241
5.26285769241
5.26285769241
5.26285769241
5.26285769241
5.26285769241
5.26285769241
5.26285769241
5.26285769241
5.26285769241
5.26285769241
5.26285769241
5.26285769241
5.26285769241
5.26285769241
5.26285769241
5.26285769241
5.26285769241
5.26285769241
5.26285769241
2.81275283588
2.81275283588
2.81275283588
2.81275283588
2.81275283588
2.81275283588
2.81275283588
2.81275283588
2.81275283588
2.81275283588
2.81275283588
2.81275283588
2.81275283588
2.81275283588
2.81275283588
2.81275283588
2.81275283588
2.81275283588
2.81275283588
2.81275283588
2.81275283588
2.81275283588
2.81275283588
2.81275283588
2.81275283588
2.81275283588
2.81275283588
2.81275283588
15.541913472
15.541913472
15.541913472
15.541913472
15.541913472
15.541913472
15.541913472
15.541913472
15.541913472
15.541913472
15.541913472
15.541913472
15.541913472
15.541913472
15.541913472
15.541913472
15.541913472
15.541913472
15.541913472
15.541913472
15.541913472
15.541913472
15.541913472
15.541913472
4.06302660431
4.06302660431
4.06302660431
4.06302660431
4.06302660431
4.06302660431
4.06302660431
4.06302660431
4.06302660431
4.06302660431
4.06302660431
4.06302660431
4.06302660431
4.06302660431
4.06302660431
4.06302660431
4.06302660431
4.06302660431
4.06302660431
4.06302660431
4.06302660431
4.06302660431
4.06302660431
4.06302660431
4.06302660431
4.06302660431
4.06302660431
4.06302660431
4.06302660431
4.06302660431
4.06302660431
0.825248390708
0.825248390708
0.825248390708
0.825248390708
0.825248390708
0.825248390708
0.825248390708
0.825248390708
0.825248390708
0.825248390708
0.825248390708
0.825248390708
0.825248390708
0.825248390708
0.825248390708
0.825248390708
0.825248390708
0.825248390708
0.825248390708
0.825248390708
0.825248390708
0.825248390708
0.825248390708
0.825248390708
0.825248390708
0.825248390708
0.825248390708
0.825248390708
0.825248390708
0.825248390708
0.825248390708
0.825248390708
0.825248390708
0.825248390708
0.825248390708
0.825248390708
0.825248390708
0.825248390708
0.825248390708
1.60028773056
1.60028773056
1.60028773056
1.60028773056
1.60028773056
1.60028773056
1.60028773056
1.60028773056
1.60028773056
1.60028773056
1.60028773056
1.60028773056
1.60028773056
1.60028773056
1.60028773056
1.60028773056
1.60028773056
1.60028773056
1.60028773056
1.60028773056
1.60028773056
1.60028773056
1.60028773056
1.60028773056
1.60028773056
1.60028773056
1.60028773056
1.60028773056
1.60028773056
1.60028773056
1.60028773056
1.60028773056
1.60028773056
1.60028773056
1.60028773056
1.60028773056
1.60028773056
73.5781567041
73.5781567041
73.5781567041
73.5781567041
73.5781567041
73.5781567041
73.5781567041
7.03252533593
7.03252533593
7.03252533593
7.03252533593
7.03252533593
7.03252533593
7.03252533593
7.03252533593
7.03252533593
7.03252533593
7.03252533593
7.03252533593
7.03252533593
7.03252533593
7.03252533593
7.03252533593
7.03252533593
7.03252533593
7.03252533593
7.03252533593
7.03252533593
7.03252533593
7.03252533593
7.03252533593
7.03252533593
7.03252533593
7.03252533593
7.03252533593
7.03252533593
7.03252533593
7.03252533593
7.03252533593
7.03252533593
7.03252533593
7.03252533593
7.03252533593
7.03252533593
7.03252533593
7.03252533593
7.03252533593
7.03252533593
7.03252533593
7.03252533593
7.03252533593
7.03252533593
7.03252533593
7.03252533593
7.03252533593
1.38923717379
1.38923717379
1.38923717379
1.38923717379
1.38923717379
1.38923717379
1.38923717379
1.38923717379
0.177142042164
0.177142042164
0.177142042164
0.177142042164
0.177142042164
0.177142042164
0.177142042164
0.177142042164
0.177142042164
0.177142042164
0.177142042164
0.177142042164
0.177142042164
0.177142042164
0.177142042164
0.177142042164
0.177142042164
0.177142042164
0.177142042164
0.177142042164
0.177142042164
0.177142042164
0.177142042164
0.177142042164
0.177142042164
0.177142042164
0.177142042164
0.177142042164
0.177142042164
0.177142042164
0.177142042164
0.177142042164
0.177142042164
0.177142042164
0.177142042164
0.177142042164
0.177142042164
0.177142042164
0.177142042164
0.177142042164
0.177142042164
0.177142042164
0.177142042164
0.177142042164
0.177142042164
0.177142042164
0.177142042164
0.177142042164
0.177142042164
0.177142042164
0.177142042164
36.6248529674
36.6248529674
36.6248529674
36.6248529674
36.6248529674
36.6248529674
36.6248529674
36.6248529674
36.6248529674
36.6248529674
36.6248529674
36.6248529674
36.6248529674
36.6248529674
36.6248529674
36.6248529674
36.6248529674
36.6248529674
36.6248529674
36.6248529674
36.6248529674
67.1873795475
67.1873795475
67.1873795475
67.1873795475
67.1873795475
67.1873795475
67.1873795475
67.1873795475
67.1873795475
67.1873795475
67.1873795475
67.1873795475
80.7367976403
80.7367976403
80.7367976403
80.7367976403
80.7367976403
80.7367976403
80.7367976403
80.7367976403
80.7367976403
80.7367976403
80.7367976403
80.7367976403
