3.79836340602
3.79836340602
3.79836340602
3.79836340602
3.79836340602
3.79836340602
3.79836340602
3.79836340602
3.79836340602
3.79836340602
3.79836340602
3.79836340602
3.79836340602
3.79836340602
3.79836340602
3.79836340602
3.79836340602
3.79836340602
3.79836340602
3.79836340602
3.79836340602
3.79836340602
3.79836340602
3.79836340602
3.79836340602
3.79836340602
3.79836340602
3.79836340602
3.79836340602
3.79836340602
3.79836340602
3.79836340602
3.79836340602
3.79836340602
3.79836340602
3.79836340602
3.79836340602
3.79836340602
3.79836340602
3.79836340602
3.79836340602
3.79836340602
3.79836340602
3.79836340602
3.79836340602
3.79836340602
3.79836340602
3.79836340602
3.79836340602
3.79836340602
3.79836340602
3.79836340602
3.79836340602
3.79836340602
0.138606582857
0.138606582857
0.138606582857
0.138606582857
0.138606582857
0.138606582857
0.138606582857
0.138606582857
0.138606582857
0.138606582857
0.138606582857
0.138606582857
0.138606582857
0.138606582857
0.138606582857
0.138606582857
0.138606582857
32.1194804006
32.1194804006
32.1194804006
32.1194804006
32.1194804006
32.1194804006
32.1194804006
32.1194804006
32.1194804006
32.1194804006
32.1194804006
32.1194804006
32.1194804006
9.50650222848
9.50650222848
9.50650222848
9.50650222848
9.50650222848
9.50650222848
9.50650222848
9.50650222848
9.50650222848
9.50650222848
9.50650222848
9.50650222848
9.50650222848
9.50650222848
9.50650222848
9.50650222848
9.50650222848
9.50650222848
9.50650222848
9.50650222848
9.50650222848
9.50650222848
9.50650222848
9.50650222848
9.50650222848
9.50650222848
9.50650222848
9.50650222848
9.50650222848
9.50650222848
9.50650222848
9.50650222848
9.50650222848
9.50650222848
17.8001338232
17.8001338232
17.8001338232
17.8001338232
17.8001338232
17.8001338232
17.8001338232
17.8001338232
17.8001338232
17.8001338232
17.8001338232
17.8001338232
0.572162638534
0.572162638534
0.572162638534
0.572162638534
0.572162638534
0.572162638534
0.572162638534
0.572162638534
0.572162638534
0.572162638534
0.572162638534
0.572162638534
0.572162638534
0.572162638534
0.572162638534
0.572162638534
0.572162638534
0.572162638534
0.572162638534
0.572162638534
0.572162638534
0.572162638534
0.572162638534
0.572162638534
0.572162638534
0.572162638534
0.572162638534
0.572162638534
0.572162638534
0.572162638534
0.572162638534
0.572162638534
0.572162638534
0.572162638534
0.572162638534
0.572162638534
0.572162638534
0.572162638534
0.572162638534
0.572162638534
0.572162638534
0.572162638534
0.572162638534
0.572162638534
0.572162638534
0.572162638534
0.572162638534
0.572162638534
0.572162638534
0.572162638534
0.572162638534
0.572162638534
0.572162638534
0.572162638534
0.572162638534
0.572162638534
0.572162638534
0.572162638534
0.572162638534
0.572162638534
0.572162638534
0.572162638534
0.572162638534
0.572162638534
0.572162638534
0.572162638534
0.572162638534
0.572162638534
0.572162638534
0.572162638534
0.572162638534
0.572162638534
0.572162638534
0.572162638534
0.572162638534
0.572162638534
0.572162638534
0.572162638534
0.572162638534
0.572162638534
0.572162638534
0.572162638534
0.572162638534
0.572162638534
0.572162638534
0.572162638534
16.0368335754
16.0368335754
16.0368335754
16.0368335754
16.0368335754
16.0368335754
16.0368335754
16.0368335754
16.0368335754
16.0368335754
16.0368335754
16.0368335754
16.0368335754
16.0368335754
16.0368335754
16.0368335754
16.0368335754
16.0368335754
16.0368335754
16.0368335754
16.0368335754
16.0368335754
16.0368335754
16.0368335754
16.0368335754
16.0368335754
16.0368335754
16.0368335754
16.0368335754
16.0368335754
16.0368335754
16.0368335754
16.0368335754
16.0368335754
16.0368335754
16.0368335754
16.0368335754
16.0368335754
16.0368335754
16.0368335754
16.0368335754
16.0368335754
16.0368335754
16.0368335754
16.0368335754
16.0368335754
16.0368335754
16.0368335754
16.0368335754
16.0368335754
16.0368335754
16.0368335754
16.0368335754
16.0368335754
16.0368335754
16.0368335754
16.0368335754
16.0368335754
16.0368335754
16.0368335754
16.0368335754
16.0368335754
16.0368335754
16.0368335754
16.0368335754
16.0368335754
16.0368335754
6.41035942232
6.41035942232
6.41035942232
6.41035942232
6.41035942232
6.41035942232
6.41035942232
6.41035942232
6.41035942232
6.41035942232
6.41035942232
6.41035942232
6.41035942232
6.41035942232
6.41035942232
6.41035942232
6.41035942232
6.41035942232
6.41035942232
6.41035942232
6.41035942232
6.41035942232
6.41035942232
6.41035942232
6.41035942232
3.78566257257
3.78566257257
3.78566257257
3.78566257257
3.78566257257
3.78566257257
3.78566257257
3.78566257257
3.78566257257
3.78566257257
3.78566257257
3.78566257257
3.78566257257
3.78566257257
3.78566257257
3.78566257257
3.78566257257
3.78566257257
3.78566257257
3.78566257257
3.78566257257
3.78566257257
3.78566257257
3.78566257257
3.78566257257
3.78566257257
3.78566257257
3.78566257257
3.78566257257
3.78566257257
3.78566257257
3.78566257257
3.78566257257
3.78566257257
3.78566257257
3.78566257257
2.73624475401
2.73624475401
2.73624475401
2.73624475401
2.73624475401
2.73624475401
2.73624475401
2.73624475401
2.73624475401
2.73624475401
2.73624475401
2.73624475401
2.73624475401
2.73624475401
2.73624475401
2.73624475401
2.73624475401
2.73624475401
2.73624475401
2.73624475401
2.73624475401
2.73624475401
2.73624475401
2.73624475401
2.73624475401
2.73624475401
2.73624475401
2.73624475401
2.73624475401
2.73624475401
2.73624475401
2.73624475401
2.73624475401
2.73624475401
2.73624475401
2.73624475401
2.73624475401
2.73624475401
2.73624475401
2.73624475401
2.73624475401
2.73624475401
2.73624475401
2.73624475401
2.73624475401
2.73624475401
2.73624475401
2.73624475401
2.73624475401
2.73624475401
2.73624475401
2.73624475401
2.73624475401
2.73624475401
2.73624475401
2.73624475401
2.73624475401
2.73624475401
2.73624475401
2.73624475401
2.73624475401
2.73624475401
2.73624475401
2.73624475401
2.73624475401
2.73624475401
2.73624475401
2.73624475401
2.73624475401
2.73624475401
2.73624475401
2.73624475401
2.73624475401
5.26285769241
5.26285769241
5.26285769241
5.26285769241
5.26285769241
5.26285769241
5.26285769241
5.26285769241
5.26285769241
5.26285769241
5.26285769241
5.26285769241
5.26285769241
5.26285769241
5.26285769241
5.26285769241
5.26285769241
5.26285769241
5.26285769241
5.26285769241
5.26285769241
5.26285769241
5.26285769241
5.26285769241
5.26285769241
5.26285769241
5.26285769241
5.26285769241
5.26285769241
5.26285769241
5.26285769241
5.26285769241
5.26285769241
5.26285769241
5.26285769241
5.26285769241
5.26285769241
5.26285769241
5.26285769241
5.26285769241
5.26285769241
5.26285769241
5.26285769241
5.26285769241
5.26285769241
5.26285769241
5.26285769241
5.26285769241
5.26285769241
5.26285769241
5.26285769241
5.26285769241
5.26285769241
5.26285769241
5.26285769241
5.26285769241
5.26285769241
5.26285769241
2.81275283588
2.81275283588
2.81275283588
2.81275283588
2.81275283588
2.81275283588
2.81275283588
2.81275283588
2.81275283588
2.81275283588
2.81275283588
2.81275283588
2.81275283588
2.81275283588
2.81275283588
2.81275283588
2.81275283588
2.81275283588
2.81275283588
2.81275283588
2.81275283588
2.81275283588
2.81275283588
2.81275283588
2.81275283588
2.81275283588
2.81275283588
2.81275283588
4.06302660431
4.06302660431
4.06302660431
4.06302660431
4.06302660431
4.06302660431
4.06302660431
4.06302660431
4.06302660431
4.06302660431
4.06302660431
4.06302660431
4.06302660431
4.06302660431
4.06302660431
4.06302660431
4.06302660431
4.06302660431
4.06302660431
4.06302660431
4.06302660431
4.06302660431
4.06302660431
4.06302660431
4.06302660431
4.06302660431
4.06302660431
4.06302660431
4.06302660431
4.06302660431
4.06302660431
1.60028773056
1.60028773056
1.60028773056
1.60028773056
1.60028773056
1.60028773056
1.60028773056
1.60028773056
1.60028773056
1.60028773056
1.60028773056
1.60028773056
1.60028773056
1.60028773056
1.60028773056
1.60028773056
1.60028773056
1.60028773056
1.60028773056
1.60028773056
1.60028773056
1.60028773056
1.60028773056
1.60028773056
1.60028773056
1.60028773056
1.60028773056
1.60028773056
1.60028773056
1.60028773056
1.60028773056
1.60028773056
1.60028773056
1.60028773056
1.60028773056
1.60028773056
1.60028773056
