0.243357798333
0.243357798333
0.243357798333
0.243357798333
0.243357798333
0.243357798333
0.243357798333
0.243357798333
0.243357798333
0.243357798333
0.243357798333
0.243357798333
0.243357798333
0.243357798333
0.243357798333
0.243357798333
0.243357798333
0.243357798333
0.243357798333
0.243357798333
0.243357798333
0.243357798333
0.243357798333
0.243357798333
0.243357798333
0.243357798333
0.243357798333
0.243357798333
0.243357798333
0.243357798333
0.243357798333
0.243357798333
0.243357798333
0.243357798333
0.243357798333
0.243357798333
0.243357798333
0.243357798333
0.243357798333
0.243357798333
0.243357798333
0.243357798333
0.243357798333
0.243357798333
0.243357798333
0.243357798333
0.243357798333
0.243357798333
0.243357798333
0.243357798333
0.243357798333
0.243357798333
0.243357798333
0.243357798333
0.00709162338068
0.00709162338068
0.00709162338068
0.00709162338068
0.00709162338068
0.00709162338068
0.00709162338068
0.00709162338068
0.00709162338068
0.00709162338068
0.00709162338068
0.00709162338068
0.00709162338068
0.00709162338068
0.00709162338068
0.00709162338068
0.00709162338068
1
1
1
1
1
1
1
1
1
1
1
1
1
0.373234206779
0.373234206779
0.373234206779
0.373234206779
0.373234206779
0.373234206779
0.373234206779
0.373234206779
0.373234206779
0.373234206779
0.373234206779
0.373234206779
0.373234206779
0.373234206779
0.373234206779
0.373234206779
0.373234206779
0.373234206779
0.373234206779
0.373234206779
0.373234206779
0.373234206779
0.373234206779
0.373234206779
0.373234206779
0.373234206779
0.373234206779
0.373234206779
0.373234206779
0.373234206779
0.373234206779
0.373234206779
0.373234206779
0.373234206779
1
1
1
1
1
1
1
1
1
1
1
1
0.03067204923
0.03067204923
0.03067204923
0.03067204923
0.03067204923
0.03067204923
0.03067204923
0.03067204923
0.03067204923
0.03067204923
0.03067204923
0.03067204923
0.03067204923
0.03067204923
0.03067204923
0.03067204923
0.03067204923
0.03067204923
0.03067204923
0.03067204923
0.03067204923
0.03067204923
0.03067204923
0.03067204923
0.03067204923
0.03067204923
0.03067204923
0.03067204923
0.03067204923
0.03067204923
0.03067204923
0.03067204923
0.03067204923
0.03067204923
0.03067204923
0.03067204923
0.03067204923
0.03067204923
0.03067204923
0.03067204923
0.03067204923
0.03067204923
0.03067204923
0.03067204923
0.03067204923
0.03067204923
0.03067204923
0.03067204923
0.03067204923
0.03067204923
0.03067204923
0.03067204923
0.03067204923
0.03067204923
0.03067204923
0.03067204923
0.03067204923
0.03067204923
0.03067204923
0.03067204923
0.03067204923
0.03067204923
0.03067204923
0.03067204923
0.03067204923
0.03067204923
0.03067204923
0.03067204923
0.03067204923
0.03067204923
0.03067204923
0.03067204923
0.03067204923
0.03067204923
0.03067204923
0.03067204923
0.03067204923
0.03067204923
0.03067204923
0.03067204923
0.03067204923
0.03067204923
0.03067204923
0.03067204923
0.03067204923
0.03067204923
0.664231219924
0.664231219924
0.664231219924
0.664231219924
0.664231219924
0.664231219924
0.664231219924
0.664231219924
0.664231219924
0.664231219924
0.664231219924
0.664231219924
0.664231219924
0.664231219924
0.664231219924
0.664231219924
0.664231219924
0.664231219924
0.664231219924
0.664231219924
0.664231219924
0.664231219924
0.664231219924
0.664231219924
0.664231219924
0.664231219924
0.664231219924
0.664231219924
0.664231219924
0.664231219924
0.664231219924
0.664231219924
0.664231219924
0.664231219924
0.664231219924
0.664231219924
0.664231219924
0.664231219924
0.664231219924
0.664231219924
0.664231219924
0.664231219924
0.664231219924
0.664231219924
0.664231219924
0.664231219924
0.664231219924
0.664231219924
0.664231219924
0.664231219924
0.664231219924
0.664231219924
0.664231219924
0.664231219924
0.664231219924
0.664231219924
0.664231219924
0.664231219924
0.664231219924
0.664231219924
0.664231219924
0.664231219924
0.664231219924
0.664231219924
0.664231219924
0.664231219924
0.664231219924
0.228309729831
0.228309729831
0.228309729831
0.228309729831
0.228309729831
0.228309729831
0.228309729831
0.228309729831
0.228309729831
0.228309729831
0.228309729831
0.228309729831
0.228309729831
0.228309729831
0.228309729831
0.228309729831
0.228309729831
0.228309729831
0.228309729831
0.228309729831
0.228309729831
0.228309729831
0.228309729831
0.228309729831
0.228309729831
0.193513636471
0.193513636471
0.193513636471
0.193513636471
0.193513636471
0.193513636471
0.193513636471
0.193513636471
0.193513636471
0.193513636471
0.193513636471
0.193513636471
0.193513636471
0.193513636471
0.193513636471
0.193513636471
0.193513636471
0.193513636471
0.193513636471
0.193513636471
0.193513636471
0.193513636471
0.193513636471
0.193513636471
0.193513636471
0.193513636471
0.193513636471
0.193513636471
0.193513636471
0.193513636471
0.193513636471
0.193513636471
0.193513636471
0.193513636471
0.193513636471
0.193513636471
0.135100013438
0.135100013438
0.135100013438
0.135100013438
0.135100013438
0.135100013438
0.135100013438
0.135100013438
0.135100013438
0.135100013438
0.135100013438
0.135100013438
0.135100013438
0.135100013438
0.135100013438
0.135100013438
0.135100013438
0.135100013438
0.135100013438
0.135100013438
0.135100013438
0.135100013438
0.135100013438
0.135100013438
0.135100013438
0.135100013438
0.135100013438
0.135100013438
0.135100013438
0.135100013438
0.135100013438
0.135100013438
0.135100013438
0.135100013438
0.135100013438
0.135100013438
0.135100013438
0.135100013438
0.135100013438
0.135100013438
0.135100013438
0.135100013438
0.135100013438
0.135100013438
0.135100013438
0.135100013438
0.135100013438
0.135100013438
0.135100013438
0.135100013438
0.135100013438
0.135100013438
0.135100013438
0.135100013438
0.135100013438
0.135100013438
0.135100013438
0.135100013438
0.135100013438
0.135100013438
0.135100013438
0.135100013438
0.135100013438
0.135100013438
0.135100013438
0.135100013438
0.135100013438
0.135100013438
0.135100013438
0.135100013438
0.135100013438
0.135100013438
0.135100013438
0.505988469278
0.505988469278
0.505988469278
0.505988469278
0.505988469278
0.505988469278
0.505988469278
0.505988469278
0.505988469278
0.505988469278
0.505988469278
0.505988469278
0.505988469278
0.505988469278
0.505988469278
0.505988469278
0.505988469278
0.505988469278
0.505988469278
0.505988469278
0.505988469278
0.505988469278
0.505988469278
0.505988469278
0.505988469278
0.505988469278
0.505988469278
0.505988469278
0.505988469278
0.505988469278
0.505988469278
0.505988469278
0.505988469278
0.505988469278
0.505988469278
0.505988469278
0.505988469278
0.505988469278
0.505988469278
0.505988469278
0.505988469278
0.505988469278
0.505988469278
0.505988469278
0.505988469278
0.505988469278
0.505988469278
0.505988469278
0.505988469278
0.505988469278
0.505988469278
0.505988469278
0.505988469278
0.505988469278
0.505988469278
0.505988469278
0.505988469278
0.505988469278
0.168778771319
0.168778771319
0.168778771319
0.168778771319
0.168778771319
0.168778771319
0.168778771319
0.168778771319
0.168778771319
0.168778771319
0.168778771319
0.168778771319
0.168778771319
0.168778771319
0.168778771319
0.168778771319
0.168778771319
0.168778771319
0.168778771319
0.168778771319
0.168778771319
0.168778771319
0.168778771319
0.168778771319
0.168778771319
0.168778771319
0.168778771319
0.168778771319
0.306377856639
0.306377856639
0.306377856639
0.306377856639
0.306377856639
0.306377856639
0.306377856639
0.306377856639
0.306377856639
0.306377856639
0.306377856639
0.306377856639
0.306377856639
0.306377856639
0.306377856639
0.306377856639
0.306377856639
0.306377856639
0.306377856639
0.306377856639
0.306377856639
0.306377856639
0.306377856639
0.306377856639
0.306377856639
0.306377856639
0.306377856639
0.306377856639
0.306377856639
0.306377856639
0.306377856639
0.0946464503516
0.0946464503516
0.0946464503516
0.0946464503516
0.0946464503516
0.0946464503516
0.0946464503516
0.0946464503516
0.0946464503516
0.0946464503516
0.0946464503516
0.0946464503516
0.0946464503516
0.0946464503516
0.0946464503516
0.0946464503516
0.0946464503516
0.0946464503516
0.0946464503516
0.0946464503516
0.0946464503516
0.0946464503516
0.0946464503516
0.0946464503516
0.0946464503516
0.0946464503516
0.0946464503516
0.0946464503516
0.0946464503516
0.0946464503516
0.0946464503516
0.0946464503516
0.0946464503516
0.0946464503516
0.0946464503516
0.0946464503516
0.0946464503516
