847020 147072 82171 61837 41895 26289 16984 9844 
316166 54617 31756 24444 17560 10303 7356 3707 
270700 46998 25728 16496 11438 8367 5140 3290 
260154 45457 24687 20897 12897 7619 4488 2847 


60.3761957193 179.160829973 283.447115891 321.958977714 374.511321335 409.935554593 416.173290786 454.54547945 
57.7971916621 165.775097675 324.427685974 339.269844356 361.738199435 294.927413196 327.401486444 354.819681168 
59.2362665427 177.390637645 244.661556551 299.707713175 368.860085875 463.024567036 530.987691126 549.673777364 
65.0152741399 201.253181864 275.503103284 322.271939128 400.737293653 609.718117424 497.198624595 490.228696094 
