58.0 116.59786 34.70053 None
140.0 116.59249 34.69626 None
251.0 116.58859 34.69931 None
323.0 116.58639 34.69303 None
326.0 116.58639 34.69303 None
326.0 116.592613 34.693013 None
380.0 116.58639 34.69303 None
381.0 116.592613 34.693013 None
437.0 116.592613 34.693013 None
439.0 116.592613 34.693013 None
469.0 116.592613 34.693013 None
480.0 116.592613 34.693013 None
672.0 116.58913 34.68982 None
698.0 116.58913 34.68982 None
730.0 116.58913 34.68982 None
734.0 116.58913 34.68982 None
773.0 116.58913 34.68982 None
860.0 116.58913 34.68982 None
909.0 116.58913 34.68982 None
922.0 116.58913 34.68982 None
928.0 116.58913 34.68982 None
933.0 116.58913 34.68982 None
949.0 116.58913 34.68982 None
950.0 116.58913 34.68982 None
994.0 116.58913 34.68982 None
1216.0 116.58913 34.68982 None
1259.0 116.58913 34.68982 None
1341.0 116.58913 34.68982 None
1469.0 116.58913 34.68982 None
1528.0 116.58913 34.68982 None
1544.0 116.58913 34.68982 None
1599.0 116.58913 34.68982 None
1619.0 116.58913 34.68982 None
1619.0 116.58913 34.68982 None
1620.0 116.58913 34.68982 None
1623.0 116.58913 34.68982 None
1624.0 116.58913 34.68982 None
1635.0 116.58913 34.68982 None
1635.0 116.58913 34.68982 None
1636.0 116.58913 34.68982 None
1636.0 116.58913 34.68982 None
1860.0 116.58913 34.68982 None
2240.0 116.58913 34.68982 None
2289.0 116.58913 34.68982 None
2523.0 116.58913 34.68982 None
2572.0 116.58913 34.68982 None
2573.0 116.58913 34.68982 None
2573.0 116.58913 34.68982 None
2577.0 116.58913 34.68982 None
2577.0 116.58913 34.68982 None
2578.0 116.58913 34.68982 None
2604.0 116.58913 34.68982 None
2615.0 116.58913 34.68982 None
2638.0 116.58913 34.68982 None
2697.0 116.58913 34.68982 None
2768.0 116.58913 34.68982 None
2784.0 116.58913 34.68982 None
2789.0 116.58913 34.68982 None
2792.0 116.58913 34.68982 None
2794.0 116.58913 34.68982 None
2817.0 116.58913 34.68982 None
2837.0 116.58913 34.68982 None
2853.0 116.58913 34.68982 None
2880.0 116.58913 34.68982 None
2898.0 116.58913 34.68982 None
3013.0 116.58913 34.68982 None
3014.0 116.58913 34.68982 None
3140.0 116.58913 34.68982 None
3163.0 116.58913 34.68982 None
3166.0 116.58913 34.68982 None
3177.0 116.58913 34.68982 None
3794.0 116.58913 34.68982 None
3946.0 116.58913 34.68982 None
4039.0 116.58913 34.68982 None
4236.0 116.58913 34.68982 None
4238.0 116.58913 34.68982 None
4246.0 116.58913 34.68982 None
4247.0 116.58913 34.68982 None
4279.0 116.58913 34.68982 None
4285.0 116.58913 34.68982 None
4342.0 116.58913 34.68982 None
4379.0 116.58913 34.68982 None
4388.0 116.58913 34.68982 None
4400.0 116.58913 34.68982 None
4421.0 116.58913 34.68982 None
4423.0 116.58913 34.68982 None
4441.0 116.58913 34.68982 None
4442.0 116.58913 34.68982 None
4462.0 116.58913 34.68982 None
4478.0 116.58913 34.68982 None
4489.0 116.58913 34.68982 None
4555.0 116.58913 34.68982 None
4555.0 116.58913 34.68982 None
4555.0 116.58913 34.68982 None
4556.0 116.58913 34.68982 None
4556.0 116.58913 34.68982 None
4556.0 116.58913 34.68982 None
4558.0 116.58913 34.68982 None
4564.0 116.58913 34.68982 None
4576.0 116.58913 34.68982 None
4612.0 116.58913 34.68982 None
4615.0 116.58913 34.68982 None
4615.0 116.58913 34.68982 None
4627.0 116.58913 34.68982 None
4627.0 116.58913 34.68982 None
4639.0 116.58913 34.68982 None
4675.0 116.58913 34.68982 None
4694.0 116.58913 34.68982 None
4694.0 116.58913 34.68982 None
4703.0 116.58913 34.68982 None
4744.0 116.58913 34.68982 None
4755.0 116.58913 34.68982 None
4757.0 116.58913 34.68982 None
4761.0 116.58913 34.68982 None
4792.0 116.58913 34.68982 None
4826.0 116.58913 34.68982 None
4850.0 116.58913 34.68982 None
4852.0 116.58913 34.68982 None
4912.0 116.58913 34.68982 None
4935.0 116.58913 34.68982 None
4940.0 116.58913 34.68982 None
4973.0 116.58913 34.68982 None
4976.0 116.58913 34.68982 None
4997.0 116.58913 34.68982 None
5000.0 116.58913 34.68982 None
5000.0 116.58913 34.68982 None
5031.0 116.58913 34.68982 None
5055.0 116.58913 34.68982 None
5060.0 116.58913 34.68982 None
5070.0 116.58913 34.68982 None
5075.0 116.58913 34.68982 None
5078.0 116.58913 34.68982 None
5079.0 116.58913 34.68982 None
5097.0 116.58913 34.68982 None
5136.0 116.58913 34.68982 None
5139.0 116.58913 34.68982 None
5144.0 116.58913 34.68982 None
5145.0 116.58913 34.68982 None
5168.0 116.58913 34.68982 None
5170.0 116.58913 34.68982 None
5204.0 116.58913 34.68982 None
5208.0 116.58913 34.68982 None
5210.0 116.58913 34.68982 None
5568.0 116.58913 34.68982 None
5572.0 116.58913 34.68982 None
5572.0 116.58913 34.68982 None
5574.0 116.58913 34.68982 None
5590.0 116.58913 34.68982 None
5597.0 116.58913 34.68982 None
5599.0 116.58913 34.68982 None
5599.0 116.58913 34.68982 None
5603.0 116.58913 34.68982 None
5606.0 116.58913 34.68982 None
5612.0 116.58913 34.68982 None
5618.0 116.58913 34.68982 None
5619.0 116.58913 34.68982 None
5621.0 116.58913 34.68982 None
5631.0 116.58913 34.68982 None
5635.0 116.58913 34.68982 None
5701.0 116.58913 34.68982 None
5840.0 116.58913 34.68982 None
5933.0 116.58913 34.68982 None
5943.0 116.58913 34.68982 None
5964.0 116.58913 34.68982 None
5973.0 116.58913 34.68982 None
5980.0 116.58913 34.68982 None
5980.0 116.58913 34.68982 None
5983.0 116.58913 34.68982 None
6036.0 116.58913 34.68982 None
6105.0 116.58913 34.68982 None
6124.0 116.58913 34.68982 None
6139.0 116.58913 34.68982 None
6140.0 116.58913 34.68982 None
6140.0 116.58913 34.68982 None
6140.0 116.58913 34.68982 None
6154.0 116.58913 34.68982 None
6154.0 116.58913 34.68982 None
6156.0 116.58913 34.68982 None
6171.0 116.58913 34.68982 None
6173.0 116.58913 34.68982 None
6176.0 116.58913 34.68982 None
6177.0 116.58913 34.68982 None
6179.0 116.58913 34.68982 None
6230.0 116.58913 34.68982 None
6235.0 116.58913 34.68982 None
6239.0 116.58913 34.68982 None
6246.0 116.58913 34.68982 None
6251.0 116.58913 34.68982 None
6258.0 116.58913 34.68982 None
6292.0 116.58913 34.68982 None
6376.0 116.58913 34.68982 None
6384.0 116.58913 34.68982 None
6384.0 116.58913 34.68982 None
6384.0 116.58913 34.68982 None
6384.0 116.58913 34.68982 None
6385.0 116.58913 34.68982 None
6386.0 116.58913 34.68982 None
6389.0 116.58913 34.68982 None
6422.0 116.58913 34.68982 None
6425.0 116.58913 34.68982 None
6427.0 116.58913 34.68982 None
6440.0 116.58913 34.68982 None
6476.0 116.58913 34.68982 None
6476.0 116.58913 34.68982 None
6477.0 116.58913 34.68982 None
6477.0 116.58913 34.68982 None
6477.0 116.58913 34.68982 None
6479.0 116.58913 34.68982 None
6485.0 116.58913 34.68982 None
6487.0 116.58913 34.68982 None
6516.0 116.58913 34.68982 None
6531.0 116.58913 34.68982 None
6557.0 116.58913 34.68982 None
6658.0 116.58913 34.68982 None
6678.0 116.58913 34.68982 None
6726.0 116.58913 34.68982 None
6732.0 116.58913 34.68982 None
6872.0 116.58913 34.68982 None
6874.0 116.58913 34.68982 None
6884.0 116.58913 34.68982 None
6907.0 116.58913 34.68982 None
6907.0 116.58913 34.68982 None
6947.0 116.58913 34.68982 None
6964.0 116.58913 34.68982 None
6968.0 116.58913 34.68982 None
6977.0 116.58913 34.68982 None
7024.0 116.58913 34.68982 None
7099.0 116.58913 34.68982 None
7156.0 116.58913 34.68982 None
7341.0 116.58913 34.68982 None
7344.0 116.58913 34.68982 None
7350.0 116.58913 34.68982 None
7354.0 116.58913 34.68982 None
7355.0 116.58913 34.68982 None
7356.0 116.58913 34.68982 None
7356.0 116.58913 34.68982 None
7358.0 116.58913 34.68982 None
7371.0 116.58913 34.68982 None
7376.0 116.58913 34.68982 None
7430.0 116.58913 34.68982 None
7434.0 116.58913 34.68982 None
7456.0 116.58913 34.68982 None
7470.0 116.58913 34.68982 None
7516.0 116.58913 34.68982 None
7517.0 116.58913 34.68982 None
7518.0 116.58913 34.68982 None
7694.0 116.58913 34.68982 None
7715.0 116.58913 34.68982 None
7804.0 116.58913 34.68982 None
7819.0 116.58913 34.68982 None
7829.0 116.58913 34.68982 None
7831.0 116.58913 34.68982 None
7836.0 116.58913 34.68982 None
7881.0 116.58913 34.68982 None
7940.0 116.58913 34.68982 None
7943.0 116.58913 34.68982 None
7952.0 116.58913 34.68982 None
7955.0 116.58913 34.68982 None
8062.0 116.58913 34.68982 None
8246.0 116.58913 34.68982 None
8246.0 116.58913 34.68982 None
8246.0 116.58913 34.68982 None
8560.0 116.58913 34.68982 None
8765.0 116.59907 34.69169 None
9157.0 116.603001 34.69561 None
9158.0 116.603001 34.69561 None
9162.0 116.603001 34.69561 None
9163.0 116.603001 34.69561 None
9174.0 116.603001 34.69561 None
9187.0 116.603001 34.69561 None
