22.9448275862 0.334482758621 1.1275862069 1.18505747126 0.0689655172414 0.0310344827586 83.6896551724 0.0471264367816 2.4632183908 13.5310344828 3.69540229885 6.95287356322 2.7908045977 7.3908045977 8.22528735632 4.12413793103 5.74022988506 2.66896551724 0.322988505747 
21.8641686183 0.339578454333 1.17271662763 1.25175644028 0.0556206088993 0.0234192037471 78.3548009368 0.10831381733 2.23653395785 13.5392271663 3.76229508197 7.01756440281 2.63758782201 7.25644028103 8.53454332553 5.02985948478 5.78981264637 2.85714285714 0.320843091335 
21.2591951536 0.385114668974 1.15794028559 1.22674167027 0.0640415404587 0.0212029424492 74.3379489399 0.110774556469 2.33318909563 12.8143660753 3.98096062311 6.43444396365 2.57723929035 7.97230636088 8.06404154046 4.8649935093 5.81826049329 2.7183037646 0.337948939853 
21.2361308677 0.390469416785 1.17176386913 1.22972972973 0.073613086771 0.0206258890469 73.1646514936 0.110597439545 2.26209103841 12.6145092461 3.71266002845 6.15896159317 2.49075391181 7.68954480797 7.84246088193 4.39651493599 6.23186344239 2.72759601707 0.330014224751 
21.1014673743 0.396815485482 1.16734311583 1.19450515142 0.0699344364658 0.0199812675617 72.2869185139 0.101779581642 2.24601935685 12.2054324071 3.33343740244 6.08585700905 2.41492350921 7.71370590072 7.73243833906 4.29378707462 6.34311582891 2.67343115829 0.328442085545 
21.1826977803 0.374501992032 1.22225384178 1.20119521912 0.0680136596471 0.0196357427433 71.1698918611 0.103301081389 2.23875924872 12.1286283438 3.2233921457 6.00483779169 2.49345475242 7.53528742174 7.82100170746 4.1047239613 6.19834945931 2.56915196357 0.327546955037 
20.9771533613 0.345325630252 1.23660714286 1.1743697479 0.0659138655462 0.0178571428571 69.8371848739 0.117121848739 2.25262605042 11.7993697479 3.11817226891 5.91806722689 2.43644957983 7.27731092437 7.52468487395 3.9900210084 6.09138655462 2.53545168067 0.327205882353 
20.7842221676 0.345539444581 1.27500614402 1.14647333497 0.0695502580487 0.0172032440403 68.5623003195 0.117719341362 2.24330302286 11.6325878594 3.09510936348 5.6281641681 2.37527648071 7.1567952814 7.34259031703 3.98844925043 5.95232243795 2.45736053084 0.323175227329 
20.670462468 0.342551708111 1.42342551708 1.12340227748 0.066000464792 0.0174297002092 67.9328375552 0.112247269347 2.22100859865 11.4808273298 3.17824773414 5.46990471764 2.3086218917 6.97280966767 7.3753195445 3.9746688357 5.85661166628 2.40460144086 0.320474087846 
20.3739495798 0.319770013268 1.43520566121 1.12074303406 0.0634674922601 0.0172490048651 66.5521892968 0.101503759398 2.19526758072 11.2954444936 3.05130473242 5.20588235294 2.26492702344 6.82043343653 7.2379478107 3.92326404246 5.81424148607 2.29566563467 0.305395842548 
20.1537001898 0.301918616909 1.43875184482 1.10815939279 0.0649378030782 0.0170777988615 65.3160446974 0.0927682901117 2.15559772296 11.0708412397 3.01981868016 5.16761543327 2.18912080961 6.69238878347 7.01370440649 3.92093611638 5.77714526671 2.25806451613 0.302761965001 
19.9467479675 0.301016260163 1.49004065041 1.09593495935 0.0666666666667 0.0166666666667 64.5595528455 0.0904471544715 2.15487804878 10.8835365854 2.98719512195 5.08922764228 2.15589430894 6.56849593496 7.01422764228 3.84430894309 5.72459349593 2.22723577236 0.301219512195 
19.7483820357 0.289664640126 1.52441655227 1.07903510492 0.067660325554 0.0168660521671 63.5979603844 0.0851147283781 2.1300254952 10.6971955285 2.92802510296 4.96940576584 2.11512061188 6.44283192783 6.9411649343 3.78152578937 5.64600902138 2.16650323593 0.30574622475 
19.6671115348 0.28484270734 1.54528122021 1.05700667302 0.0673021925643 0.0169685414681 62.7845567207 0.0781696854147 2.12430886559 10.5813155386 2.84804575786 4.9328884652 2.09551954242 6.34280266921 6.87130600572 3.75061963775 5.54623450906 2.1279313632 0.303908484271 
19.4094343099 0.279712548369 1.50856826976 1.05048829924 0.0657822001106 0.0175050672563 61.8796756956 0.0770222959278 2.08199742031 10.4140409066 2.78367422149 4.83103003501 2.06615072784 6.24064860881 6.81463055095 3.74018794914 5.4927215773 2.10060807076 0.297217615626 
19.4186714542 0.270017953321 1.49946140036 1.05206463196 0.0700179533214 0.0177737881508 61.7272890485 0.0759425493716 2.08150807899 10.3594254937 2.81131059246 4.7513464991 2.04901256732 6.17181328546 6.7315978456 3.68850987433 5.46175942549 2.10825852783 0.296588868941 
19.4045478583 0.267759562842 1.48439978847 1.04706504495 0.0683941477173 0.0172748105059 61.2411422528 0.0731535342852 2.07033315706 10.2748105059 2.78406486868 4.71038251366 2.0301427816 6.11034725895 6.692755156 3.6453375639 5.44121276221 2.09219108056 0.292790410717 
19.1796821009 0.269695922598 1.45196959226 1.0190048376 0.0668624740843 0.0169315825847 60.309260539 0.0717000691085 2.04181064271 10.0772287491 2.75155494126 4.66413268832 1.99032480995 6.04422944022 6.59847961299 3.6002073255 5.34467864547 2.06340704907 0.287664132688 
19.0683746183 0.267390566678 1.42975907703 1.0005089922 0.0666779776043 0.0166270783848 59.6467594164 0.0705802511028 2.0262979301 9.9658975229 2.73396674584 4.63556158806 1.95724465558 6.00305395317 6.50950118765 3.5705802511 5.29233118426 2.03393281303 0.28096369189 
18.9333222204 0.264710785131 1.40173362227 0.988831471912 0.0665110851809 0.0165027504584 59.1538589765 0.0703450575096 2.01400233372 9.90515085848 2.70328388065 4.6042673779 1.95215869312 5.95165860977 6.46241040173 3.53258876479 5.23720620103 1.99833305551 0.277379563261 
18.8208490411 0.258973938699 1.37682347156 0.985903950172 0.0670381904606 0.0163907556138 58.6567775774 0.0690050811342 1.98950991641 9.88952630716 2.66579249303 4.5485985904 1.97426651369 5.85756433372 6.42648746107 3.50794951647 5.19898377315 2.02048844452 0.277495492542 
18.7343143596 0.251293661061 1.35737386805 0.968143596378 0.0685640362225 0.0155239327296 58.0611254851 0.0700194049159 1.95763260026 9.76875808538 2.6463454075 4.44485769728 1.95747089263 5.79075032342 6.36076972833 3.48027166882 5.12904269082 1.99628072445 0.276034928849 
18.6851233095 0.247732696897 1.34653937947 0.973587907717 0.066984884646 0.0151153540175 57.5791567224 0.066030230708 1.94478918059 9.69880668258 2.61654733492 4.40668257757 1.93571996818 5.71758154336 6.30071599045 3.44089101034 5.07764518695 1.97311058075 0.273349244232 
18.6128829537 0.244461901021 1.33888452474 0.971563236449 0.0647289866457 0.0155538098979 57.0721131186 0.0653574234093 1.92647289866 9.61539670071 2.61335428123 4.3690494894 1.92317360566 5.6655145326 6.23330714847 3.39512961508 5.04179104478 1.94862529458 0.268813825609 
18.4708986497 0.241968027316 1.31941642092 0.96632003725 0.0637901598634 0.014899891355 56.5382585752 0.0636349526618 1.9135495887 9.51621915257 2.56914480832 4.33245382586 1.90454757101 5.61865590563 6.15086139997 3.34812975322 4.99565419835 1.92534533602 0.274716746857 
