40.4531699521 0.610015982952 2.0189664358 1.9799680341 0.170058604156 0.0309003729355 147.141182738 0.103462972829 4.41150772509 25.221097496 9.13383058071 9.04571124134 4.29216835376 9.13169952051 13.6924880128 7.2599893447 9.5989344699 4.79009057006 0.545551411827 
35.6769244987 0.581554384992 1.92098696978 1.70732834304 0.136401441641 0.0252287219296 124.464374827 0.11754920987 3.80371499861 21.3114314758 6.91387117642 7.67618519545 3.52878661861 8.35283245541 12.0262452638 6.19009333703 8.36632473893 4.81933277886 0.472322336198 
31.3586089451 0.45980102178 1.66854889307 1.49896925697 0.107376534911 0.0224970870306 106.837321861 0.0950972483643 3.08317648113 18.2662902214 5.73039347495 6.85094559469 2.98404589047 7.20561082728 10.2496190732 5.2072241642 7.16823518867 4.0752890562 0.419377968988 
28.161775169 0.417911775169 1.5679473497 1.30905371754 0.0927605834223 0.0189434364995 93.9359658485 0.0925827107791 2.60743507649 16.1987726788 4.12406616862 5.76591960157 2.47909996443 6.26040554963 8.95944503735 4.60325506937 6.28192813945 3.38731768054 0.383137673426 
26.3079113642 0.375990032927 1.49034439797 1.19578179229 0.0899706327312 0.0165524606212 86.5913500044 0.0818723858681 2.35516596956 14.9738364332 3.68247752959 5.29767731601 2.28361662365 5.5930408472 8.21135534395 4.19088724749 5.73774139005 3.10839191955 0.357479754383 
24.6978681476 0.341633823003 1.43344679326 1.11178788965 0.0864385524901 0.0156753851666 80.2860981727 0.0707631673235 2.17619132927 13.8155678968 3.41329272662 4.92834109638 2.06297026155 5.17690791831 7.59378359011 3.83652812612 5.3103726263 2.91678609817 0.33652812612 
23.336132936 0.302357084801 1.36683825522 1.01887474036 0.0826334326741 0.0160751377224 75.0573466992 0.0490382010295 2.04298744694 12.9231463921 3.1562358891 4.52894427888 1.93732502484 4.80646617899 7.10186941208 3.59559288359 4.88810620428 2.73376682019 0.317800054186 
22.3675174857 0.268598419475 1.30484149332 0.961576891634 0.0809337814515 0.0163502588791 71.2862203652 0.0474157507494 1.93532564266 12.2138250522 2.99327822691 4.33490780271 1.81778544827 4.54455445545 6.78036152239 3.40948315015 4.56780815696 2.59233354528 0.308293214643 
21.5536811222 0.249289447144 1.20509764372 0.928119556248 0.0778399193179 0.015311267993 68.1101127716 0.0435500137526 1.87200880169 11.6859814798 2.86164848263 4.16484826258 1.73787475933 4.29650683048 6.46823141102 3.25295681672 4.30264967452 2.43366645274 0.298615567984 
20.8362729707 0.241388863238 1.10647335857 0.899621387016 0.0773848000739 0.0145904515652 65.4345738295 0.0411857050513 1.80561455351 11.2255979315 2.70920675963 4.01865361529 1.64253393665 4.13630067412 6.20879120879 3.16631267892 4.09742358482 2.35922061132 0.291162618894 
20.2721766679 0.234811777861 1.04547148714 0.85771524413 0.0736116287738 0.0145359672009 63.3575288856 0.0368058143869 1.75577711517 10.8687103988 2.56718225867 3.89601192695 1.5928997391 3.96310100634 5.94194931047 3.02236302646 3.92937010809 2.30823704808 0.28307864331 
19.7088619491 0.221219810168 0.921154026877 0.815336904426 0.071609811108 0.0155060614604 61.3253453623 0.034395263603 1.69316793534 10.5342542994 2.46800112771 3.79268865708 1.55145193121 3.84653697961 5.71572220656 2.91842871911 3.73038248285 2.22732825862 0.267831970679 
19.1255937678 0.213091392742 0.871081132434 0.793653809614 0.0703971119134 0.0153904617139 59.2146114383 0.0339160174805 1.63452403572 10.17366521 2.37668630059 3.64649439483 1.51691050732 3.70767623029 5.48774463234 2.79061371841 3.57562226867 2.15979479384 0.257172715181 
18.6638856924 0.206079785194 0.791618718834 0.767261219793 0.069140774837 0.0146720368239 57.6872842348 0.033275795934 1.60337552743 9.94524357499 2.34407364787 3.58688147296 1.48350594553 3.57825086306 5.32249712313 2.69370924434 3.41589950134 2.08659378596 0.252876869965 
18.2608485083 0.201569159241 0.765982177451 0.738086013173 0.0660596667958 0.0144323905463 55.9861487795 0.0322549399458 1.55579232855 9.61419992251 2.24602867106 3.53022084463 1.42619139868 3.45360325455 5.21406431616 2.57070902751 3.38434715227 1.99409143743 0.247481596281 
17.7667352739 0.19954915221 0.731843575419 0.721356463785 0.0667450749779 0.0137214544742 54.4764285014 0.0308732725669 1.50769381554 9.29912770754 2.18906204058 3.43683230422 1.37753601882 3.33431343722 5.05459178673 2.49808879741 3.25188669999 1.94854454572 0.23885131824 
17.5123934166 0.197005750545 0.711481261154 0.712373587151 0.0652389450724 0.014078921277 53.7029545905 0.029744199881 1.48879635138 9.14425936942 2.12641284949 3.35465000991 1.3654570692 3.28108268888 4.97759270276 2.45359904819 3.1992861392 1.94021415824 0.233591116399 
17.2287228723 0.195919591959 0.683168316832 0.693569356936 0.0649064906491 0.012501250125 52.8230823082 0.029802980298 1.45454545455 9.01380138014 2.07080708071 3.2895289529 1.35343534353 3.20872087209 4.88808880888 2.39463946395 3.13781378138 1.88478847885 0.229322932293 
16.8936148717 0.188118811881 0.670135380885 0.681854920186 0.0637502525763 0.0118205698121 51.8902808648 0.0295009092746 1.42715700141 8.82642958173 2.03030915336 3.22095372803 1.3369367549 3.14962618711 4.79915134371 2.34512022631 3.09163467367 1.86835724389 0.226207314609 
16.6738530704 0.183406559722 0.664657198324 0.670889956064 0.0630428118933 0.0119546336978 51.2260141003 0.0289159088587 1.41595994687 8.66159190763 2.01389598447 3.15408194544 1.30714212731 3.09686318586 4.74088076019 2.32083375907 3.04935118014 1.85960968632 0.225196689486 
16.4590163934 0.180637179091 0.655737704918 0.658109083411 0.0635117022373 0.0119599958759 50.5214970616 0.0291782658006 1.398700897 8.54562326013 2.0073203423 3.12485823281 1.28868955562 3.04918032787 4.69254562326 2.28807093515 3.00742344572 1.81090834107 0.219507165687 
16.2123038553 0.178634521459 0.650836537462 0.655616751533 0.0637015483737 0.0117426997818 49.8216772316 0.0277460251481 1.38335238491 8.40746129066 2.00031175309 3.09435726904 1.2804738647 3.00478021407 4.64990127819 2.25771588902 2.97298139873 1.80411514081 0.210225501403 
16.0006296568 0.17567425753 0.646237800399 0.63112603631 0.0623360268654 0.0117535942911 49.1410431315 0.0273900724105 1.36520096547 8.30590827999 1.97240004198 3.0271801868 1.26938818344 2.95844264876 4.5629132123 2.22121943541 2.91310735649 1.78423759051 0.207681813412 
15.7463445645 0.17440135622 0.6391184573 0.624602670057 0.0629370629371 0.0115490570036 48.4565585929 0.0265946175037 1.34223352405 8.19495655859 1.94945963128 2.98294130112 1.25863530409 2.87518542064 4.49936427209 2.17842763297 2.8800593346 1.76064844247 0.206505615597 
15.5833601028 0.171110397259 0.631330977621 0.60777385159 0.0606060606061 0.0113502516329 47.9358603705 0.0267694613984 1.32155477032 8.0667094978 1.9380019274 2.95245743656 1.24178177535 2.85362458507 4.44544383767 2.1554770318 2.84388050112 1.72630902666 0.200985116179 
